################################################################################################################################################################      
           Column_0   Column_1  Column_2      Column_3  Column_4  Column_5      Column_6  Column_7  Column_8          lcol Column_9 Column_10
0        -20.367623  -0.006412  0.000006      0.000000  0.000000  0.000000     82.467727  0.006546 -0.000045 -7.238286e-01     True     False
1         61.961563  -0.545691  0.000772     25.434223 -0.314112  0.000831     87.322110 -0.022940 -0.000006  5.899052e-03     True     False
2         60.282325  -0.476304  0.000650     80.273694 -0.775216  0.001755    100.971333 -0.078734  0.000048  3.305894e-06     True     False
3       -213.320222   0.465828 -0.000127    -70.305111  0.324668 -0.000151     98.357637 -0.075470  0.000049 -4.740403e+00     True     False
4       -648.599487   1.619498 -0.000869   -257.456344  1.296059 -0.001376     98.748142 -0.072446  0.000044  2.985060e-02     True     False
...             ...        ...       ...           ...       ...       ...           ...       ...       ...           ...      ...       ...
3949  -92562.944182   9.297105 -0.000233  -2543.666720  0.514792 -0.000026   -691.973343  0.070632 -0.000002 -1.967164e-04    False     False
3950  -10872.423371   1.122904 -0.000029  10811.135876 -2.111017  0.000103  -4011.383093  0.403288 -0.000010  1.303195e-08    False      True
3951 -159595.534560  16.011725 -0.000401  28147.944853 -5.490434  0.000268 -13447.319488  1.335696 -0.000033  6.419488e-01     True      True
3952   52589.491652  -4.977433  0.000118  16544.391221 -3.234580  0.000158  37113.091799 -3.662529  0.000091 -1.647032e-04     True      True
3953  185835.477455 -17.949270  0.000433 -24081.680721  4.604648 -0.000220  79576.043429 -7.848103  0.000194  1.074601e-08     True     False

[1119 rows x 12 columns]
[0 1]
int64
Column_10
0    776
1    776
Name: count, dtype: int64
(1552, 11)
(224, 11)
          Column_0  Column_1  Column_2      Column_3  Column_4  Column_5      Column_6  Column_7      Column_8          lcol Column_9 Column_10
617     726.215972 -0.524833  0.000108   1216.543152 -1.937364  0.000794   1390.233673 -1.142697  2.486312e-04 -1.280677e-05    False     False
2338  13027.646412 -1.149667  0.000026  -1376.083164  0.264608 -0.000012   1253.784018 -0.105961  2.389934e-06  1.139654e-05    False     False
1441  40531.756180 -4.104102  0.000104   3660.258892 -0.735614  0.000037   4110.458439 -0.376137  8.786803e-06  8.930062e-05    False     False
860    1337.552743 -0.460074  0.000043  -7588.031998  5.961003 -0.001164    -35.990357  0.031766 -2.455629e-06  7.106344e-08    False     False
1353 -11238.364198  2.455346 -0.000133  -1282.581910  0.529878 -0.000053   -966.853521  0.194168 -8.939654e-06  2.524426e+00     True     False
...            ...       ...       ...           ...       ...       ...           ...       ...           ...           ...      ...       ...
2279   5949.446629 -0.753290  0.000024   3956.307452 -1.000584  0.000064  -1129.123772  0.155896 -5.058598e-06 -5.384118e-09     True      True
1296    416.782369 -0.256589  0.000046   -327.833120  0.738074 -0.000346    -11.030991  0.085737 -1.910776e-05  2.490627e+00     True      True
2292   3780.141175 -0.421967  0.000012   7843.150831 -1.833260  0.000108   3126.157170 -0.348862  9.977982e-06  2.904575e+00    False      True
2274  18351.751492 -2.440521  0.000081  16324.028844 -4.352489  0.000291   -100.053981  0.019824 -5.577465e-07  2.982829e+00     True      True
3932 -23972.114036  2.629882 -0.000072  -1519.723205  0.355602 -0.000020  20831.139124 -2.362110  6.722254e-05  5.104155e-08    False      True

[1552 rows x 12 columns]
C:\Users\Admin\Desktop\final_project\myenv\Lib\site-packages\sklearn\linear_model\_logistic.py:469: ConvergenceWarning: lbfgs failed to converge (status=1):
STOP: TOTAL NO. of ITERATIONS REACHED LIMIT.

Increase the number of iterations (max_iter) or scale the data as shown in:
    https://scikit-learn.org/stable/modules/preprocessing.html
Please also refer to the documentation for alternative solver options:
    https://scikit-learn.org/stable/modules/linear_model.html#logistic-regression
  n_iter_i = _check_optimize_result(
[0 0 1 1 1 0 0 0 1 0 0 0 0 0 0 0 0 0 1 0 1 0 0 0 0 0 1 0 0 0 1 0 0 1 0 0 0
 1 0 0 0 0 0 0 0 0 1 0 1 1 1 1 1 0 1 0 0 1 0 0 1 0 1 0 1 0 1 1 1 0 0 0 1 1
 0 1 0 0 0 1 0 0 0 0 0 0 0 0 0 1 1 0 0 1 0 0 0 0 0 0 0 0 0 1 0 0 0 0 1 1 0
 0 0 1 0 0 0 1 0 0 1 1 1 0 0 0 0 0 1 1 1 0 0 0 0 0 1 0 0 1 0 0 0 0 0 0 0 0
 0 0 0 0 0 1 0 0 0 0 0 0 0 1 0 1 0 1 0 1 0 1 1 0 0 0 0 1 0 0 1 0 1 0 1 1 1
 0 0 0 0 0 0 0 0 0 0 0 0 0 0 0 1 0 0 1 0 0 0 0 0 0 0 1 0 1 0 0 1 0 1 0 0 0
 1 0]
              precision    recall  f1-score   support

           0       0.95      0.82      0.88       186
           1       0.47      0.79      0.59        38

    accuracy                           0.81       224
   macro avg       0.71      0.80      0.73       224
weighted avg       0.87      0.81      0.83       224

0.8125
